1.360000000000000098e-01
9.600000000000000200e-02
1.160000000000000059e-01
8.400000000000000522e-02
1.360000000000000098e-01
1.239999999999999991e-01
1.680000000000000104e-01
1.199999999999999956e-01
1.439999999999999891e-01
1.479999999999999927e-01
1.239999999999999991e-01
1.600000000000000033e-01
1.479999999999999927e-01
1.640000000000000069e-01
1.960000000000000075e-01
2.000000000000000111e-01
1.799999999999999933e-01
1.839999999999999969e-01
2.359999999999999876e-01
2.439999999999999947e-01
1.960000000000000075e-01
2.159999999999999976e-01
2.640000000000000124e-01
2.399999999999999911e-01
2.640000000000000124e-01
2.760000000000000231e-01
2.720000000000000195e-01
3.200000000000000067e-01
2.760000000000000231e-01
2.999999999999999889e-01
3.320000000000000173e-01
2.600000000000000089e-01
3.240000000000000102e-01
3.519999999999999796e-01
2.999999999999999889e-01
3.039999999999999925e-01
3.160000000000000031e-01
3.240000000000000102e-01
3.559999999999999831e-01
3.559999999999999831e-01
3.240000000000000102e-01
3.719999999999999973e-01
3.479999999999999760e-01
3.880000000000000115e-01
3.840000000000000080e-01
3.639999999999999902e-01
3.639999999999999902e-01
3.880000000000000115e-01
4.239999999999999880e-01
3.719999999999999973e-01
3.360000000000000209e-01
4.079999999999999738e-01
3.840000000000000080e-01
4.279999999999999916e-01
3.920000000000000151e-01
4.000000000000000222e-01
4.239999999999999880e-01
4.560000000000000164e-01
4.400000000000000022e-01
4.560000000000000164e-01
4.199999999999999845e-01
4.319999999999999951e-01
4.719999999999999751e-01
4.680000000000000271e-01
4.759999999999999787e-01
4.959999999999999964e-01
4.640000000000000235e-01
4.719999999999999751e-01
4.879999999999999893e-01
4.640000000000000235e-01
4.400000000000000022e-01
4.680000000000000271e-01
4.680000000000000271e-01
4.319999999999999951e-01
5.000000000000000000e-01
4.719999999999999751e-01
5.000000000000000000e-01
5.280000000000000249e-01
5.440000000000000391e-01
4.879999999999999893e-01
4.719999999999999751e-01
5.360000000000000320e-01
4.919999999999999929e-01
5.240000000000000213e-01
5.040000000000000036e-01
5.200000000000000178e-01
5.240000000000000213e-01
5.360000000000000320e-01
4.959999999999999964e-01
5.440000000000000391e-01
5.879999999999999671e-01
5.400000000000000355e-01
5.240000000000000213e-01
4.759999999999999787e-01
5.839999999999999636e-01
5.280000000000000249e-01
5.360000000000000320e-01
4.919999999999999929e-01
5.200000000000000178e-01
5.679999999999999494e-01
5.480000000000000426e-01
5.679999999999999494e-01
5.639999999999999458e-01
5.759999999999999565e-01
5.719999999999999529e-01
5.839999999999999636e-01
5.600000000000000533e-01
5.799999999999999600e-01
5.879999999999999671e-01
5.639999999999999458e-01
5.320000000000000284e-01
5.639999999999999458e-01
5.160000000000000142e-01
5.400000000000000355e-01
5.679999999999999494e-01
6.079999999999999849e-01
5.560000000000000497e-01
5.919999999999999707e-01
5.839999999999999636e-01
6.079999999999999849e-01
5.919999999999999707e-01
5.959999999999999742e-01
5.759999999999999565e-01
6.199999999999999956e-01
6.039999999999999813e-01
5.879999999999999671e-01
6.239999999999999991e-01
5.919999999999999707e-01
6.280000000000000027e-01
6.119999999999999885e-01
6.239999999999999991e-01
5.799999999999999600e-01
6.600000000000000311e-01
6.159999999999999920e-01
6.480000000000000204e-01
6.400000000000000133e-01
5.959999999999999742e-01
6.159999999999999920e-01
5.839999999999999636e-01
6.400000000000000133e-01
6.400000000000000133e-01
6.400000000000000133e-01
6.280000000000000027e-01
5.600000000000000533e-01
6.760000000000000453e-01
5.999999999999999778e-01
5.919999999999999707e-01
6.159999999999999920e-01
6.440000000000000169e-01
5.839999999999999636e-01
6.999999999999999556e-01
5.959999999999999742e-01
6.360000000000000098e-01
6.480000000000000204e-01
6.680000000000000382e-01
6.440000000000000169e-01
6.680000000000000382e-01
6.720000000000000417e-01
6.199999999999999956e-01
6.879999999999999449e-01
6.079999999999999849e-01
6.480000000000000204e-01
6.400000000000000133e-01
6.320000000000000062e-01
6.440000000000000169e-01
6.280000000000000027e-01
6.640000000000000346e-01
6.640000000000000346e-01
6.360000000000000098e-01
6.680000000000000382e-01
6.400000000000000133e-01
5.799999999999999600e-01
6.879999999999999449e-01
6.239999999999999991e-01
6.239999999999999991e-01
6.680000000000000382e-01
6.640000000000000346e-01
6.640000000000000346e-01
6.360000000000000098e-01
6.680000000000000382e-01
6.760000000000000453e-01
6.360000000000000098e-01
7.239999999999999769e-01
6.320000000000000062e-01
6.720000000000000417e-01
6.959999999999999520e-01
6.079999999999999849e-01
6.199999999999999956e-01
6.440000000000000169e-01
7.239999999999999769e-01
7.039999999999999591e-01
6.919999999999999485e-01
6.760000000000000453e-01
6.879999999999999449e-01
7.079999999999999627e-01
7.319999999999999840e-01
6.879999999999999449e-01
6.480000000000000204e-01
7.159999999999999698e-01
6.199999999999999956e-01
6.760000000000000453e-01
6.119999999999999885e-01
6.879999999999999449e-01
6.919999999999999485e-01
6.680000000000000382e-01
6.879999999999999449e-01
7.279999999999999805e-01
6.879999999999999449e-01
6.720000000000000417e-01
7.079999999999999627e-01
7.600000000000000089e-01
6.680000000000000382e-01
6.440000000000000169e-01
7.439999999999999947e-01
6.959999999999999520e-01
7.279999999999999805e-01
6.919999999999999485e-01
6.680000000000000382e-01
7.119999999999999662e-01
6.879999999999999449e-01
6.039999999999999813e-01
6.840000000000000524e-01
7.039999999999999591e-01
7.359999999999999876e-01
7.399999999999999911e-01
7.159999999999999698e-01
6.959999999999999520e-01
6.520000000000000240e-01
7.319999999999999840e-01
7.279999999999999805e-01
7.479999999999999982e-01
6.840000000000000524e-01
6.800000000000000488e-01
6.879999999999999449e-01
6.879999999999999449e-01
6.440000000000000169e-01
7.439999999999999947e-01
7.279999999999999805e-01
6.760000000000000453e-01
6.999999999999999556e-01
6.919999999999999485e-01
7.039999999999999591e-01
6.760000000000000453e-01
6.720000000000000417e-01
7.359999999999999876e-01
7.319999999999999840e-01
7.279999999999999805e-01
7.720000000000000195e-01
7.239999999999999769e-01
6.919999999999999485e-01
7.199999999999999734e-01
6.999999999999999556e-01
7.119999999999999662e-01
7.279999999999999805e-01
7.039999999999999591e-01
6.800000000000000488e-01
7.399999999999999911e-01
6.680000000000000382e-01
7.359999999999999876e-01
7.279999999999999805e-01
7.319999999999999840e-01
6.800000000000000488e-01
7.520000000000000018e-01
7.039999999999999591e-01
6.959999999999999520e-01
7.239999999999999769e-01
7.079999999999999627e-01
7.119999999999999662e-01
6.999999999999999556e-01
7.600000000000000089e-01
6.999999999999999556e-01
6.999999999999999556e-01
7.199999999999999734e-01
7.079999999999999627e-01
7.359999999999999876e-01
7.199999999999999734e-01
6.879999999999999449e-01
7.640000000000000124e-01
7.199999999999999734e-01
7.079999999999999627e-01
7.039999999999999591e-01
6.999999999999999556e-01
7.039999999999999591e-01
6.999999999999999556e-01
7.479999999999999982e-01
7.159999999999999698e-01
7.159999999999999698e-01
7.279999999999999805e-01
7.119999999999999662e-01
7.159999999999999698e-01
7.279999999999999805e-01
7.640000000000000124e-01
7.279999999999999805e-01
7.119999999999999662e-01
7.640000000000000124e-01
7.319999999999999840e-01
7.399999999999999911e-01
7.319999999999999840e-01
7.159999999999999698e-01
7.640000000000000124e-01
