1.640000000000000069e-01
1.960000000000000075e-01
3.320000000000000173e-01
4.000000000000000222e-01
4.600000000000000200e-01
4.600000000000000200e-01
5.639999999999999458e-01
5.480000000000000426e-01
6.320000000000000062e-01
5.679999999999999494e-01
5.480000000000000426e-01
6.280000000000000027e-01
7.279999999999999805e-01
6.480000000000000204e-01
6.600000000000000311e-01
6.959999999999999520e-01
6.959999999999999520e-01
6.680000000000000382e-01
7.239999999999999769e-01
7.359999999999999876e-01
7.399999999999999911e-01
7.520000000000000018e-01
7.800000000000000266e-01
7.399999999999999911e-01
7.279999999999999805e-01
7.479999999999999982e-01
7.800000000000000266e-01
8.000000000000000444e-01
7.760000000000000231e-01
7.560000000000000053e-01
8.279999999999999583e-01
7.640000000000000124e-01
7.600000000000000089e-01
8.159999999999999476e-01
8.239999999999999547e-01
8.000000000000000444e-01
7.600000000000000089e-01
8.080000000000000515e-01
8.080000000000000515e-01
8.159999999999999476e-01
8.199999999999999512e-01
8.159999999999999476e-01
7.960000000000000409e-01
8.279999999999999583e-01
7.960000000000000409e-01
8.719999999999999973e-01
8.479999999999999760e-01
8.599999999999999867e-01
8.880000000000000115e-01
8.599999999999999867e-01
8.599999999999999867e-01
9.000000000000000222e-01
8.679999999999999938e-01
8.639999999999999902e-01
8.920000000000000151e-01
8.679999999999999938e-01
8.880000000000000115e-01
8.719999999999999973e-01
8.800000000000000044e-01
8.519999999999999796e-01
8.679999999999999938e-01
8.760000000000000009e-01
8.719999999999999973e-01
9.000000000000000222e-01
9.080000000000000293e-01
9.040000000000000258e-01
8.760000000000000009e-01
9.120000000000000329e-01
8.800000000000000044e-01
8.840000000000000080e-01
8.760000000000000009e-01
8.719999999999999973e-01
9.120000000000000329e-01
8.679999999999999938e-01
8.639999999999999902e-01
8.920000000000000151e-01
9.240000000000000435e-01
9.040000000000000258e-01
9.280000000000000471e-01
9.200000000000000400e-01
9.080000000000000293e-01
9.040000000000000258e-01
9.399999999999999467e-01
8.920000000000000151e-01
8.960000000000000187e-01
9.000000000000000222e-01
9.280000000000000471e-01
9.080000000000000293e-01
9.120000000000000329e-01
9.200000000000000400e-01
9.160000000000000364e-01
9.080000000000000293e-01
9.240000000000000435e-01
9.200000000000000400e-01
9.200000000000000400e-01
9.040000000000000258e-01
9.200000000000000400e-01
9.280000000000000471e-01
9.120000000000000329e-01
9.280000000000000471e-01
9.360000000000000542e-01
9.399999999999999467e-01
9.360000000000000542e-01
9.439999999999999503e-01
9.360000000000000542e-01
9.519999999999999574e-01
9.160000000000000364e-01
9.200000000000000400e-01
9.399999999999999467e-01
9.160000000000000364e-01
9.399999999999999467e-01
9.120000000000000329e-01
9.519999999999999574e-01
9.200000000000000400e-01
9.399999999999999467e-01
9.439999999999999503e-01
9.200000000000000400e-01
9.160000000000000364e-01
9.679999999999999716e-01
9.639999999999999680e-01
9.559999999999999609e-01
9.360000000000000542e-01
9.439999999999999503e-01
9.519999999999999574e-01
9.439999999999999503e-01
9.559999999999999609e-01
9.399999999999999467e-01
9.599999999999999645e-01
9.599999999999999645e-01
9.320000000000000506e-01
9.799999999999999822e-01
9.280000000000000471e-01
9.559999999999999609e-01
9.399999999999999467e-01
9.559999999999999609e-01
9.559999999999999609e-01
9.280000000000000471e-01
9.679999999999999716e-01
9.479999999999999538e-01
9.639999999999999680e-01
9.719999999999999751e-01
9.839999999999999858e-01
9.559999999999999609e-01
9.360000000000000542e-01
9.599999999999999645e-01
9.559999999999999609e-01
9.519999999999999574e-01
9.439999999999999503e-01
9.559999999999999609e-01
9.679999999999999716e-01
9.519999999999999574e-01
9.759999999999999787e-01
9.559999999999999609e-01
9.479999999999999538e-01
9.759999999999999787e-01
9.479999999999999538e-01
9.719999999999999751e-01
9.799999999999999822e-01
9.519999999999999574e-01
9.759999999999999787e-01
9.280000000000000471e-01
9.599999999999999645e-01
9.679999999999999716e-01
9.519999999999999574e-01
9.559999999999999609e-01
9.399999999999999467e-01
9.639999999999999680e-01
9.719999999999999751e-01
9.679999999999999716e-01
9.879999999999999893e-01
9.519999999999999574e-01
9.759999999999999787e-01
9.839999999999999858e-01
9.479999999999999538e-01
9.759999999999999787e-01
9.759999999999999787e-01
9.839999999999999858e-01
9.679999999999999716e-01
9.839999999999999858e-01
9.639999999999999680e-01
9.679999999999999716e-01
9.719999999999999751e-01
9.519999999999999574e-01
9.759999999999999787e-01
9.759999999999999787e-01
9.799999999999999822e-01
9.679999999999999716e-01
9.679999999999999716e-01
9.719999999999999751e-01
9.839999999999999858e-01
9.839999999999999858e-01
9.719999999999999751e-01
9.719999999999999751e-01
9.799999999999999822e-01
9.759999999999999787e-01
9.879999999999999893e-01
9.879999999999999893e-01
9.759999999999999787e-01
9.919999999999999929e-01
9.479999999999999538e-01
9.719999999999999751e-01
9.679999999999999716e-01
9.919999999999999929e-01
9.759999999999999787e-01
9.839999999999999858e-01
9.759999999999999787e-01
9.879999999999999893e-01
9.799999999999999822e-01
9.919999999999999929e-01
9.839999999999999858e-01
9.959999999999999964e-01
9.879999999999999893e-01
9.879999999999999893e-01
9.919999999999999929e-01
9.759999999999999787e-01
9.839999999999999858e-01
9.679999999999999716e-01
9.919999999999999929e-01
9.839999999999999858e-01
9.799999999999999822e-01
9.879999999999999893e-01
9.679999999999999716e-01
9.959999999999999964e-01
9.759999999999999787e-01
9.679999999999999716e-01
9.839999999999999858e-01
9.879999999999999893e-01
9.839999999999999858e-01
9.799999999999999822e-01
9.719999999999999751e-01
9.919999999999999929e-01
9.759999999999999787e-01
9.879999999999999893e-01
9.719999999999999751e-01
9.959999999999999964e-01
9.879999999999999893e-01
9.919999999999999929e-01
9.919999999999999929e-01
9.799999999999999822e-01
9.879999999999999893e-01
9.839999999999999858e-01
9.839999999999999858e-01
9.879999999999999893e-01
9.759999999999999787e-01
9.839999999999999858e-01
9.879999999999999893e-01
9.959999999999999964e-01
9.959999999999999964e-01
9.839999999999999858e-01
9.839999999999999858e-01
9.799999999999999822e-01
9.879999999999999893e-01
9.839999999999999858e-01
9.959999999999999964e-01
9.799999999999999822e-01
9.919999999999999929e-01
9.839999999999999858e-01
9.919999999999999929e-01
9.839999999999999858e-01
9.879999999999999893e-01
9.879999999999999893e-01
9.799999999999999822e-01
9.879999999999999893e-01
9.959999999999999964e-01
9.959999999999999964e-01
9.919999999999999929e-01
9.719999999999999751e-01
9.839999999999999858e-01
9.919999999999999929e-01
9.839999999999999858e-01
9.879999999999999893e-01
9.839999999999999858e-01
9.919999999999999929e-01
9.879999999999999893e-01
9.799999999999999822e-01
9.839999999999999858e-01
9.919999999999999929e-01
9.959999999999999964e-01
9.919999999999999929e-01
9.839999999999999858e-01
9.959999999999999964e-01
9.959999999999999964e-01
9.919999999999999929e-01
9.759999999999999787e-01
9.959999999999999964e-01
9.839999999999999858e-01
9.799999999999999822e-01
9.799999999999999822e-01
1.000000000000000000e+00
1.000000000000000000e+00
9.959999999999999964e-01
9.959999999999999964e-01
9.919999999999999929e-01
9.959999999999999964e-01
9.879999999999999893e-01
9.959999999999999964e-01
9.919999999999999929e-01
9.879999999999999893e-01
1.000000000000000000e+00
1.000000000000000000e+00
