1.640000000000000069e-01
1.640000000000000069e-01
2.839999999999999747e-01
3.679999999999999938e-01
3.880000000000000115e-01
4.600000000000000200e-01
5.080000000000000071e-01
5.320000000000000284e-01
6.039999999999999813e-01
5.480000000000000426e-01
5.400000000000000355e-01
6.239999999999999991e-01
6.640000000000000346e-01
6.480000000000000204e-01
6.360000000000000098e-01
6.840000000000000524e-01
6.760000000000000453e-01
6.640000000000000346e-01
7.159999999999999698e-01
7.079999999999999627e-01
7.239999999999999769e-01
7.520000000000000018e-01
7.479999999999999982e-01
7.199999999999999734e-01
7.079999999999999627e-01
7.239999999999999769e-01
7.720000000000000195e-01
8.040000000000000480e-01
7.600000000000000089e-01
7.520000000000000018e-01
8.159999999999999476e-01
7.600000000000000089e-01
7.640000000000000124e-01
8.000000000000000444e-01
8.040000000000000480e-01
7.960000000000000409e-01
7.359999999999999876e-01
8.120000000000000551e-01
7.960000000000000409e-01
8.000000000000000444e-01
8.120000000000000551e-01
7.880000000000000338e-01
7.640000000000000124e-01
8.319999999999999618e-01
7.920000000000000373e-01
8.519999999999999796e-01
8.399999999999999689e-01
8.559999999999999831e-01
8.719999999999999973e-01
8.479999999999999760e-01
8.479999999999999760e-01
8.880000000000000115e-01
8.479999999999999760e-01
8.479999999999999760e-01
8.679999999999999938e-01
8.439999999999999725e-01
8.719999999999999973e-01
8.719999999999999973e-01
8.359999999999999654e-01
8.479999999999999760e-01
8.679999999999999938e-01
8.599999999999999867e-01
8.559999999999999831e-01
8.960000000000000187e-01
9.000000000000000222e-01
8.960000000000000187e-01
8.599999999999999867e-01
9.000000000000000222e-01
8.599999999999999867e-01
8.800000000000000044e-01
8.599999999999999867e-01
8.559999999999999831e-01
8.960000000000000187e-01
8.639999999999999902e-01
8.599999999999999867e-01
8.800000000000000044e-01
9.160000000000000364e-01
8.920000000000000151e-01
9.240000000000000435e-01
9.040000000000000258e-01
9.160000000000000364e-01
8.960000000000000187e-01
9.399999999999999467e-01
8.800000000000000044e-01
8.880000000000000115e-01
8.760000000000000009e-01
9.160000000000000364e-01
9.000000000000000222e-01
9.000000000000000222e-01
9.040000000000000258e-01
9.160000000000000364e-01
8.960000000000000187e-01
9.120000000000000329e-01
9.280000000000000471e-01
9.240000000000000435e-01
8.840000000000000080e-01
9.120000000000000329e-01
9.160000000000000364e-01
9.040000000000000258e-01
9.160000000000000364e-01
9.320000000000000506e-01
9.399999999999999467e-01
9.360000000000000542e-01
9.399999999999999467e-01
9.360000000000000542e-01
9.439999999999999503e-01
9.080000000000000293e-01
9.120000000000000329e-01
9.360000000000000542e-01
9.160000000000000364e-01
9.240000000000000435e-01
8.880000000000000115e-01
9.439999999999999503e-01
9.160000000000000364e-01
9.360000000000000542e-01
9.439999999999999503e-01
9.160000000000000364e-01
8.960000000000000187e-01
9.639999999999999680e-01
9.479999999999999538e-01
9.479999999999999538e-01
9.200000000000000400e-01
9.320000000000000506e-01
9.399999999999999467e-01
9.479999999999999538e-01
9.479999999999999538e-01
9.320000000000000506e-01
9.399999999999999467e-01
9.479999999999999538e-01
9.240000000000000435e-01
9.639999999999999680e-01
9.280000000000000471e-01
9.399999999999999467e-01
9.439999999999999503e-01
9.639999999999999680e-01
9.399999999999999467e-01
9.240000000000000435e-01
9.519999999999999574e-01
9.399999999999999467e-01
9.519999999999999574e-01
9.679999999999999716e-01
9.719999999999999751e-01
9.399999999999999467e-01
9.200000000000000400e-01
9.519999999999999574e-01
9.479999999999999538e-01
9.479999999999999538e-01
9.439999999999999503e-01
9.519999999999999574e-01
9.599999999999999645e-01
9.519999999999999574e-01
9.719999999999999751e-01
9.559999999999999609e-01
9.479999999999999538e-01
9.719999999999999751e-01
9.399999999999999467e-01
9.799999999999999822e-01
9.719999999999999751e-01
9.439999999999999503e-01
9.799999999999999822e-01
9.240000000000000435e-01
9.399999999999999467e-01
9.559999999999999609e-01
9.479999999999999538e-01
9.559999999999999609e-01
9.360000000000000542e-01
9.639999999999999680e-01
9.679999999999999716e-01
9.599999999999999645e-01
9.759999999999999787e-01
9.519999999999999574e-01
9.639999999999999680e-01
9.799999999999999822e-01
9.320000000000000506e-01
9.679999999999999716e-01
9.719999999999999751e-01
9.799999999999999822e-01
9.719999999999999751e-01
9.639999999999999680e-01
9.599999999999999645e-01
9.599999999999999645e-01
9.639999999999999680e-01
9.519999999999999574e-01
9.799999999999999822e-01
9.759999999999999787e-01
9.759999999999999787e-01
9.559999999999999609e-01
9.639999999999999680e-01
9.559999999999999609e-01
9.759999999999999787e-01
9.759999999999999787e-01
9.599999999999999645e-01
9.639999999999999680e-01
9.719999999999999751e-01
9.759999999999999787e-01
9.879999999999999893e-01
9.799999999999999822e-01
9.599999999999999645e-01
9.879999999999999893e-01
9.360000000000000542e-01
9.639999999999999680e-01
9.599999999999999645e-01
9.799999999999999822e-01
9.679999999999999716e-01
9.719999999999999751e-01
9.799999999999999822e-01
9.879999999999999893e-01
9.799999999999999822e-01
9.919999999999999929e-01
9.799999999999999822e-01
9.919999999999999929e-01
9.919999999999999929e-01
9.799999999999999822e-01
9.839999999999999858e-01
9.639999999999999680e-01
9.799999999999999822e-01
9.679999999999999716e-01
9.839999999999999858e-01
9.799999999999999822e-01
9.719999999999999751e-01
9.759999999999999787e-01
9.639999999999999680e-01
9.799999999999999822e-01
9.759999999999999787e-01
9.719999999999999751e-01
9.679999999999999716e-01
9.799999999999999822e-01
9.759999999999999787e-01
9.679999999999999716e-01
9.679999999999999716e-01
9.879999999999999893e-01
9.759999999999999787e-01
9.839999999999999858e-01
9.639999999999999680e-01
9.959999999999999964e-01
9.839999999999999858e-01
9.919999999999999929e-01
9.879999999999999893e-01
9.799999999999999822e-01
9.839999999999999858e-01
9.679999999999999716e-01
9.839999999999999858e-01
9.799999999999999822e-01
9.639999999999999680e-01
9.759999999999999787e-01
9.799999999999999822e-01
9.839999999999999858e-01
9.919999999999999929e-01
9.799999999999999822e-01
9.759999999999999787e-01
9.719999999999999751e-01
9.839999999999999858e-01
9.879999999999999893e-01
9.959999999999999964e-01
9.719999999999999751e-01
9.879999999999999893e-01
9.639999999999999680e-01
9.719999999999999751e-01
9.799999999999999822e-01
9.879999999999999893e-01
9.719999999999999751e-01
9.799999999999999822e-01
9.799999999999999822e-01
9.879999999999999893e-01
9.839999999999999858e-01
9.879999999999999893e-01
9.679999999999999716e-01
9.759999999999999787e-01
9.839999999999999858e-01
9.799999999999999822e-01
9.879999999999999893e-01
9.719999999999999751e-01
9.799999999999999822e-01
9.839999999999999858e-01
9.719999999999999751e-01
9.799999999999999822e-01
9.839999999999999858e-01
1.000000000000000000e+00
9.919999999999999929e-01
9.799999999999999822e-01
9.919999999999999929e-01
9.919999999999999929e-01
9.879999999999999893e-01
9.679999999999999716e-01
9.919999999999999929e-01
9.799999999999999822e-01
9.799999999999999822e-01
9.759999999999999787e-01
1.000000000000000000e+00
9.879999999999999893e-01
9.839999999999999858e-01
9.799999999999999822e-01
9.879999999999999893e-01
9.919999999999999929e-01
9.879999999999999893e-01
9.879999999999999893e-01
9.839999999999999858e-01
9.799999999999999822e-01
9.959999999999999964e-01
1.000000000000000000e+00
