1.079999999999999988e-01
1.479999999999999927e-01
1.719999999999999862e-01
1.400000000000000133e-01
1.519999999999999962e-01
2.039999999999999869e-01
2.520000000000000018e-01
2.600000000000000089e-01
2.439999999999999947e-01
2.999999999999999889e-01
3.200000000000000067e-01
3.200000000000000067e-01
3.880000000000000115e-01
3.719999999999999973e-01
3.599999999999999867e-01
4.480000000000000093e-01
4.040000000000000258e-01
3.920000000000000151e-01
4.279999999999999916e-01
4.799999999999999822e-01
4.560000000000000164e-01
4.959999999999999964e-01
5.080000000000000071e-01
5.120000000000000107e-01
5.639999999999999458e-01
4.919999999999999929e-01
5.320000000000000284e-01
5.999999999999999778e-01
5.959999999999999742e-01
5.320000000000000284e-01
6.560000000000000275e-01
5.320000000000000284e-01
5.719999999999999529e-01
5.879999999999999671e-01
6.440000000000000169e-01
5.719999999999999529e-01
6.440000000000000169e-01
6.600000000000000311e-01
6.680000000000000382e-01
6.879999999999999449e-01
6.400000000000000133e-01
7.239999999999999769e-01
6.680000000000000382e-01
6.760000000000000453e-01
6.959999999999999520e-01
7.039999999999999591e-01
6.480000000000000204e-01
7.479999999999999982e-01
7.039999999999999591e-01
7.399999999999999911e-01
7.520000000000000018e-01
7.680000000000000160e-01
7.359999999999999876e-01
7.600000000000000089e-01
7.199999999999999734e-01
7.359999999999999876e-01
8.040000000000000480e-01
7.600000000000000089e-01
7.359999999999999876e-01
8.319999999999999618e-01
8.159999999999999476e-01
7.680000000000000160e-01
7.640000000000000124e-01
7.960000000000000409e-01
7.640000000000000124e-01
7.840000000000000302e-01
7.760000000000000231e-01
8.199999999999999512e-01
7.640000000000000124e-01
8.120000000000000551e-01
7.920000000000000373e-01
8.159999999999999476e-01
8.080000000000000515e-01
7.479999999999999982e-01
8.080000000000000515e-01
8.000000000000000444e-01
8.519999999999999796e-01
7.920000000000000373e-01
8.639999999999999902e-01
8.399999999999999689e-01
8.519999999999999796e-01
7.760000000000000231e-01
8.359999999999999654e-01
7.920000000000000373e-01
8.040000000000000480e-01
8.319999999999999618e-01
8.239999999999999547e-01
8.319999999999999618e-01
8.479999999999999760e-01
8.599999999999999867e-01
8.760000000000000009e-01
8.479999999999999760e-01
8.279999999999999583e-01
8.439999999999999725e-01
8.359999999999999654e-01
8.479999999999999760e-01
8.439999999999999725e-01
8.880000000000000115e-01
8.399999999999999689e-01
8.960000000000000187e-01
8.559999999999999831e-01
8.639999999999999902e-01
9.200000000000000400e-01
8.960000000000000187e-01
8.880000000000000115e-01
8.639999999999999902e-01
8.760000000000000009e-01
8.840000000000000080e-01
8.559999999999999831e-01
8.840000000000000080e-01
8.880000000000000115e-01
8.760000000000000009e-01
8.800000000000000044e-01
8.840000000000000080e-01
8.880000000000000115e-01
8.599999999999999867e-01
8.920000000000000151e-01
8.880000000000000115e-01
9.200000000000000400e-01
9.360000000000000542e-01
9.479999999999999538e-01
8.880000000000000115e-01
9.160000000000000364e-01
9.360000000000000542e-01
9.280000000000000471e-01
9.200000000000000400e-01
8.960000000000000187e-01
9.240000000000000435e-01
9.599999999999999645e-01
9.120000000000000329e-01
9.479999999999999538e-01
9.240000000000000435e-01
9.040000000000000258e-01
9.320000000000000506e-01
9.399999999999999467e-01
9.320000000000000506e-01
9.120000000000000329e-01
9.719999999999999751e-01
9.399999999999999467e-01
9.439999999999999503e-01
9.439999999999999503e-01
9.399999999999999467e-01
9.200000000000000400e-01
9.000000000000000222e-01
9.439999999999999503e-01
9.360000000000000542e-01
9.280000000000000471e-01
9.439999999999999503e-01
9.559999999999999609e-01
9.439999999999999503e-01
9.160000000000000364e-01
9.399999999999999467e-01
9.439999999999999503e-01
9.320000000000000506e-01
9.599999999999999645e-01
9.399999999999999467e-01
9.679999999999999716e-01
9.679999999999999716e-01
9.519999999999999574e-01
9.519999999999999574e-01
9.240000000000000435e-01
9.479999999999999538e-01
9.479999999999999538e-01
9.399999999999999467e-01
9.479999999999999538e-01
9.519999999999999574e-01
9.559999999999999609e-01
9.479999999999999538e-01
9.719999999999999751e-01
9.479999999999999538e-01
9.679999999999999716e-01
9.439999999999999503e-01
9.639999999999999680e-01
9.399999999999999467e-01
9.639999999999999680e-01
9.639999999999999680e-01
9.399999999999999467e-01
9.559999999999999609e-01
9.320000000000000506e-01
9.599999999999999645e-01
9.759999999999999787e-01
9.559999999999999609e-01
9.639999999999999680e-01
9.559999999999999609e-01
9.399999999999999467e-01
9.559999999999999609e-01
9.439999999999999503e-01
9.519999999999999574e-01
9.479999999999999538e-01
9.639999999999999680e-01
9.599999999999999645e-01
9.519999999999999574e-01
9.519999999999999574e-01
9.599999999999999645e-01
9.719999999999999751e-01
9.639999999999999680e-01
9.639999999999999680e-01
9.639999999999999680e-01
9.839999999999999858e-01
9.439999999999999503e-01
9.719999999999999751e-01
9.759999999999999787e-01
9.639999999999999680e-01
9.399999999999999467e-01
9.759999999999999787e-01
9.639999999999999680e-01
9.759999999999999787e-01
9.519999999999999574e-01
9.719999999999999751e-01
9.639999999999999680e-01
9.879999999999999893e-01
9.599999999999999645e-01
9.799999999999999822e-01
9.919999999999999929e-01
9.759999999999999787e-01
9.799999999999999822e-01
9.599999999999999645e-01
9.639999999999999680e-01
9.799999999999999822e-01
9.799999999999999822e-01
9.839999999999999858e-01
9.679999999999999716e-01
9.759999999999999787e-01
9.719999999999999751e-01
9.599999999999999645e-01
9.679999999999999716e-01
9.799999999999999822e-01
9.639999999999999680e-01
9.679999999999999716e-01
9.519999999999999574e-01
9.759999999999999787e-01
9.599999999999999645e-01
9.599999999999999645e-01
9.639999999999999680e-01
9.639999999999999680e-01
9.719999999999999751e-01
9.799999999999999822e-01
9.879999999999999893e-01
9.639999999999999680e-01
9.879999999999999893e-01
9.639999999999999680e-01
9.639999999999999680e-01
9.599999999999999645e-01
9.759999999999999787e-01
9.759999999999999787e-01
9.799999999999999822e-01
9.799999999999999822e-01
9.959999999999999964e-01
9.759999999999999787e-01
9.719999999999999751e-01
9.639999999999999680e-01
9.839999999999999858e-01
9.639999999999999680e-01
9.879999999999999893e-01
9.759999999999999787e-01
9.799999999999999822e-01
9.679999999999999716e-01
9.679999999999999716e-01
9.879999999999999893e-01
9.839999999999999858e-01
9.719999999999999751e-01
9.759999999999999787e-01
9.879999999999999893e-01
9.799999999999999822e-01
9.679999999999999716e-01
9.559999999999999609e-01
9.759999999999999787e-01
9.719999999999999751e-01
9.759999999999999787e-01
9.759999999999999787e-01
9.639999999999999680e-01
9.719999999999999751e-01
9.759999999999999787e-01
9.599999999999999645e-01
9.719999999999999751e-01
9.679999999999999716e-01
9.879999999999999893e-01
9.759999999999999787e-01
9.919999999999999929e-01
9.919999999999999929e-01
9.759999999999999787e-01
9.799999999999999822e-01
9.919999999999999929e-01
9.719999999999999751e-01
9.919999999999999929e-01
9.799999999999999822e-01
9.839999999999999858e-01
9.679999999999999716e-01
9.799999999999999822e-01
9.679999999999999716e-01
9.639999999999999680e-01
9.959999999999999964e-01
9.919999999999999929e-01
9.759999999999999787e-01
9.799999999999999822e-01
9.879999999999999893e-01
9.759999999999999787e-01
9.759999999999999787e-01
9.759999999999999787e-01
9.879999999999999893e-01
