1.079999999999999988e-01
1.360000000000000098e-01
1.600000000000000033e-01
1.559999999999999998e-01
1.479999999999999927e-01
2.000000000000000111e-01
2.359999999999999876e-01
2.640000000000000124e-01
2.680000000000000160e-01
2.959999999999999853e-01
3.240000000000000102e-01
3.160000000000000031e-01
4.000000000000000222e-01
3.719999999999999973e-01
3.519999999999999796e-01
4.400000000000000022e-01
4.239999999999999880e-01
3.840000000000000080e-01
4.319999999999999951e-01
4.680000000000000271e-01
4.560000000000000164e-01
4.640000000000000235e-01
4.919999999999999929e-01
4.919999999999999929e-01
5.560000000000000497e-01
4.759999999999999787e-01
5.280000000000000249e-01
5.799999999999999600e-01
5.679999999999999494e-01
5.200000000000000178e-01
6.280000000000000027e-01
5.360000000000000320e-01
5.719999999999999529e-01
5.959999999999999742e-01
6.239999999999999991e-01
5.600000000000000533e-01
6.159999999999999920e-01
6.520000000000000240e-01
6.480000000000000204e-01
6.800000000000000488e-01
6.560000000000000275e-01
7.199999999999999734e-01
6.680000000000000382e-01
6.560000000000000275e-01
6.879999999999999449e-01
7.119999999999999662e-01
6.440000000000000169e-01
7.159999999999999698e-01
6.879999999999999449e-01
7.439999999999999947e-01
7.359999999999999876e-01
7.600000000000000089e-01
7.319999999999999840e-01
7.359999999999999876e-01
7.279999999999999805e-01
7.079999999999999627e-01
7.720000000000000195e-01
7.359999999999999876e-01
7.680000000000000160e-01
8.040000000000000480e-01
8.040000000000000480e-01
7.680000000000000160e-01
7.119999999999999662e-01
8.040000000000000480e-01
7.239999999999999769e-01
7.439999999999999947e-01
7.439999999999999947e-01
8.120000000000000551e-01
7.520000000000000018e-01
7.960000000000000409e-01
7.600000000000000089e-01
8.040000000000000480e-01
7.920000000000000373e-01
6.999999999999999556e-01
7.880000000000000338e-01
8.000000000000000444e-01
8.319999999999999618e-01
7.960000000000000409e-01
8.479999999999999760e-01
8.279999999999999583e-01
8.359999999999999654e-01
7.760000000000000231e-01
8.239999999999999547e-01
7.880000000000000338e-01
7.960000000000000409e-01
8.199999999999999512e-01
8.319999999999999618e-01
8.120000000000000551e-01
8.399999999999999689e-01
8.559999999999999831e-01
8.479999999999999760e-01
8.439999999999999725e-01
8.000000000000000444e-01
8.239999999999999547e-01
8.319999999999999618e-01
8.279999999999999583e-01
8.439999999999999725e-01
8.679999999999999938e-01
8.239999999999999547e-01
8.719999999999999973e-01
8.519999999999999796e-01
8.679999999999999938e-01
9.160000000000000364e-01
8.760000000000000009e-01
8.359999999999999654e-01
8.359999999999999654e-01
8.479999999999999760e-01
8.679999999999999938e-01
8.599999999999999867e-01
8.920000000000000151e-01
8.920000000000000151e-01
8.479999999999999760e-01
8.760000000000000009e-01
8.840000000000000080e-01
8.719999999999999973e-01
8.559999999999999831e-01
8.920000000000000151e-01
8.840000000000000080e-01
9.040000000000000258e-01
9.080000000000000293e-01
9.160000000000000364e-01
8.800000000000000044e-01
9.000000000000000222e-01
9.200000000000000400e-01
9.000000000000000222e-01
8.840000000000000080e-01
8.960000000000000187e-01
9.080000000000000293e-01
9.320000000000000506e-01
8.880000000000000115e-01
9.000000000000000222e-01
9.000000000000000222e-01
8.760000000000000009e-01
9.000000000000000222e-01
9.240000000000000435e-01
8.920000000000000151e-01
8.920000000000000151e-01
9.559999999999999609e-01
9.040000000000000258e-01
9.320000000000000506e-01
9.160000000000000364e-01
9.200000000000000400e-01
8.920000000000000151e-01
8.920000000000000151e-01
9.200000000000000400e-01
9.160000000000000364e-01
9.200000000000000400e-01
9.200000000000000400e-01
9.200000000000000400e-01
9.200000000000000400e-01
9.040000000000000258e-01
9.200000000000000400e-01
9.240000000000000435e-01
9.240000000000000435e-01
9.200000000000000400e-01
9.080000000000000293e-01
9.439999999999999503e-01
9.399999999999999467e-01
9.200000000000000400e-01
9.439999999999999503e-01
9.080000000000000293e-01
9.200000000000000400e-01
9.280000000000000471e-01
9.360000000000000542e-01
9.280000000000000471e-01
9.160000000000000364e-01
9.439999999999999503e-01
9.280000000000000471e-01
9.559999999999999609e-01
9.280000000000000471e-01
9.559999999999999609e-01
9.240000000000000435e-01
9.479999999999999538e-01
9.280000000000000471e-01
9.479999999999999538e-01
9.399999999999999467e-01
9.240000000000000435e-01
9.399999999999999467e-01
9.200000000000000400e-01
9.360000000000000542e-01
9.439999999999999503e-01
9.360000000000000542e-01
9.360000000000000542e-01
9.360000000000000542e-01
9.120000000000000329e-01
9.360000000000000542e-01
9.360000000000000542e-01
9.399999999999999467e-01
9.360000000000000542e-01
9.519999999999999574e-01
9.599999999999999645e-01
9.559999999999999609e-01
9.439999999999999503e-01
9.439999999999999503e-01
9.759999999999999787e-01
9.639999999999999680e-01
9.679999999999999716e-01
9.559999999999999609e-01
9.759999999999999787e-01
9.439999999999999503e-01
9.679999999999999716e-01
9.599999999999999645e-01
9.719999999999999751e-01
9.280000000000000471e-01
9.679999999999999716e-01
9.719999999999999751e-01
9.719999999999999751e-01
9.479999999999999538e-01
9.679999999999999716e-01
9.679999999999999716e-01
9.799999999999999822e-01
9.599999999999999645e-01
9.719999999999999751e-01
9.919999999999999929e-01
9.599999999999999645e-01
9.719999999999999751e-01
9.599999999999999645e-01
9.639999999999999680e-01
9.839999999999999858e-01
9.719999999999999751e-01
9.599999999999999645e-01
9.639999999999999680e-01
9.679999999999999716e-01
9.759999999999999787e-01
9.599999999999999645e-01
9.599999999999999645e-01
9.719999999999999751e-01
9.679999999999999716e-01
9.599999999999999645e-01
9.639999999999999680e-01
9.759999999999999787e-01
9.639999999999999680e-01
9.519999999999999574e-01
9.679999999999999716e-01
9.759999999999999787e-01
9.719999999999999751e-01
9.879999999999999893e-01
9.879999999999999893e-01
9.599999999999999645e-01
9.719999999999999751e-01
9.799999999999999822e-01
9.519999999999999574e-01
9.639999999999999680e-01
9.759999999999999787e-01
9.599999999999999645e-01
9.719999999999999751e-01
9.799999999999999822e-01
9.919999999999999929e-01
9.679999999999999716e-01
9.639999999999999680e-01
9.639999999999999680e-01
9.839999999999999858e-01
9.719999999999999751e-01
9.719999999999999751e-01
9.799999999999999822e-01
9.799999999999999822e-01
9.599999999999999645e-01
9.719999999999999751e-01
9.839999999999999858e-01
9.719999999999999751e-01
9.679999999999999716e-01
9.759999999999999787e-01
9.839999999999999858e-01
9.799999999999999822e-01
9.719999999999999751e-01
9.599999999999999645e-01
9.679999999999999716e-01
9.679999999999999716e-01
9.759999999999999787e-01
9.759999999999999787e-01
9.719999999999999751e-01
9.719999999999999751e-01
9.759999999999999787e-01
9.639999999999999680e-01
9.799999999999999822e-01
9.759999999999999787e-01
9.919999999999999929e-01
9.759999999999999787e-01
9.879999999999999893e-01
9.839999999999999858e-01
9.759999999999999787e-01
9.839999999999999858e-01
9.919999999999999929e-01
9.799999999999999822e-01
9.959999999999999964e-01
9.759999999999999787e-01
9.799999999999999822e-01
9.639999999999999680e-01
9.759999999999999787e-01
9.639999999999999680e-01
9.599999999999999645e-01
9.959999999999999964e-01
9.919999999999999929e-01
9.799999999999999822e-01
9.799999999999999822e-01
9.879999999999999893e-01
9.799999999999999822e-01
9.759999999999999787e-01
9.799999999999999822e-01
9.879999999999999893e-01
