# 
#
data_digital
Classification
Numerical,Numerical,Numerical,Numerical,Numerical,Numerical,Numerical,Label,Target,Target,Target,Target,Target,Target,Target,Target,Target,Target
Col.1,Col.2,Col.3,Col.4,Col.5,Col.6,Col.7,Col.8,Col.9,Col.10,Col.11,Col.12,Col.13,Col.14,Col.15,Col.16,Col.17,Col.18
1.0,1.0,1.0,0.0,1.0,1.0,1.0,0.0,1.0,0.0,0.0,0.0,0.0,0.0,0.0,0.0,0.0,0.0,(Learn)
0.0,0.0,1.0,0.0,0.0,1.0,0.0,1.0,0.0,1.0,0.0,0.0,0.0,0.0,0.0,0.0,0.0,0.0,(Learn)
1.0,0.0,1.0,1.0,1.0,0.0,1.0,2.0,0.0,0.0,1.0,0.0,0.0,0.0,0.0,0.0,0.0,0.0,(Learn)
1.0,0.0,1.0,1.0,0.0,1.0,1.0,3.0,0.0,0.0,0.0,1.0,0.0,0.0,0.0,0.0,0.0,0.0,(Learn)
0.0,1.0,1.0,1.0,0.0,1.0,0.0,4.0,0.0,0.0,0.0,0.0,1.0,0.0,0.0,0.0,0.0,0.0,(Learn)
1.0,1.0,0.0,1.0,0.0,1.0,1.0,5.0,0.0,0.0,0.0,0.0,0.0,1.0,0.0,0.0,0.0,0.0,(Learn)
1.0,1.0,0.0,1.0,1.0,1.0,1.0,6.0,0.0,0.0,0.0,0.0,0.0,0.0,1.0,0.0,0.0,0.0,(Learn)
1.0,0.0,1.0,0.0,0.0,1.0,0.0,7.0,0.0,0.0,0.0,0.0,0.0,0.0,0.0,1.0,0.0,0.0,(Learn)
1.0,1.0,1.0,1.0,1.0,1.0,1.0,8.0,0.0,0.0,0.0,0.0,0.0,0.0,0.0,0.0,1.0,0.0,(Learn)
1.0,1.0,1.0,1.0,0.0,1.0,1.0,9.0,0.0,0.0,0.0,0.0,0.0,0.0,0.0,0.0,0.0,1.0,(Learn)
